catchment;mod_type;rmse;nrmse;mae;nmae;nse;kge;mod_mean;measured_mean;mod_top1;measured_top1;mod_low5;measured_low5;cor
Thur;mlp;15.05;0.912;0.876;47.93;46.12;138.18;133.58;12.27;9.34;0.956
Thur;svr;13.13;0.933;0.859;46.28;46.12;128.71;133.58;10.99;9.34;0.967
Thur;lstm;36.95;0.468;0.498;47.37;46.13;123.17;133.62;10.89;9.33;0.69
Thur;gru;37.21;0.461;0.496;46.55;46.13;122.7;133.62;7.02;9.33;0.685
Thur;xgb;4.65;0.992;0.976;46.14;46.12;130.29;133.58;9.59;9.34;0.996
Thur;lgbm;4.82;0.991;0.978;46.13;46.12;129.83;133.58;9.47;9.34;0.995
Thur;xgb;4.65;0.992;0.976;46.14;46.12;130.29;133.58;9.59;9.34;0.996
Thur_01;lstm;39.06;0.406;0.414;50.99;46.13;120.64;133.62;9.43;9.33;0.65
Thur;xgb;4.65;0.101;3.19;0.069;0.992;0.976;46.14;46.12;249.21;249.7;9.59;9.34;0.996
Thur;lgbm;4.82;0.104;3.38;0.073;0.991;0.978;46.13;46.12;249.94;249.7;9.47;9.34;0.995
Thur;mlp;11.77;0.255;7.26;0.157;0.946;0.922;47.06;46.12;246.56;249.7;10.82;9.34;0.973
Thur;svr;13.13;0.285;7.9;0.171;0.933;0.859;46.28;46.12;236.41;249.7;10.99;9.34;0.967
Thur;lstm;37.42;0.811;19.15;0.415;0.455;0.495;48.14;46.13;195.69;249.73;11.45;9.33;0.683