# Base attributes derived from data provider resources (BAFU, Swisstopo, etc.).
gauge_id;country;gauging_st;water_body;type;id6;id12;shape_leng;shape_area;super_catc;sub_catchm;h1;h2;ext_ch;ext_de;ext_at;ext_li;ext_it;ext_fr;ext_r1981;ext_tabs;ext_srel;ext_sim;ext_r1992
2004;CH;Murten;Murtensee;lake;MuSMur;575500197790;218617.225557;7.12651458851e8;1;1;218;223;100.0;0.0;0.0;0.0;0.0;0.0;99.77;99.77;99.77;99.77;99.77
2007;CH;Le Pont;Lac de Joux;lake;LdeLe ;514700168840;90418.6520342;2.09252531913e8;1;1;529;532;79.48;0.0;0.0;0.0;0.0;20.52;100.0;100.0;100.0;100.0;100.0
2009;CH;Porte du Scex;Rhône;stream;RhoPor;557660133280;581812.19419;5.23940209565e9;1;1;559;614;99.12;0.0;0.0;0.0;0.01;0.87;99.78;99.78;99.78;100.0;100.0
2011;CH;Sion;Rhône;stream;RhoSio;593770118630;373714.667313;3.37241704021e9;1;1;576;597;99.99;0.0;0.0;0.0;0.01;0.0;100.0;100.0;100.0;100.0;100.0
2014;CH;Schmerikon;Zürichsee (Obersee);lake;ZuSSch;713710231515;244190.991589;1.58345279034e9;1;1;389;390;100.0;0.0;0.0;0.0;0.0;0.0;99.4;99.4;99.4;99.4;99.4
2016;CH;Brugg;Aare;stream;AarBru;657000259360;827842.590414;1.16812828821e10;1;1;199;322;99.02;0.0;0.0;0.0;0.0;0.98;99.89;99.89;99.89;99.83;99.89
2017;CH;Zug;Zugersee;lake;ZuSZug;681555224660;99557.4506021;2.49997782527e8;1;1;325;326;100.0;0.0;0.0;0.0;0.0;0.0;100.0;100.0;100.0;100.0;100.0
2018;CH;Mellingen;Reuss;stream;ReuMel;662830252580;423447.043212;3.38575294559e9;1;1;323;366;100.0;0.0;0.0;0.0;0.0;0.0;100.0;100.0;100.0;100.0;100.0
2019;CH;Brienzwiler;Aare;stream;AarBri;649930177380;135675.028325;5.55157142585e8;0;1;246;247;100.0;0.0;0.0;0.0;0.0;0.0;99.25;99.25;99.25;99.25;99.25
2020;CH;Bellinzona;Ticino;stream;TicBel;721245117025;272141.98227;1.51752533526e9;1;1;502;515;99.83;0.0;0.0;0.0;0.17;0.0;100.0;100.0;100.0;100.0;100.0
2021;CH;Ponte Tresa;Lago di Lugano;lake;LdLPon;710200091800;151546.798892;6.08823076977e8;1;1;478;489;59.65;0.0;0.0;0.0;40.35;0.0;82.95;80.65;78.18;84.42;84.42
2022;CH;Locarno;Lago Maggiore;lake;LaMLoc;705480113380;545621.619097;6.59007387961e9;1;1;151;154;50.87;0.0;0.0;0.0;49.13;0.0;62.41;62.2;61.17;98.56;98.54
2023;CH;Ringgenberg;Brienzersee;lake;BrSRin;635150172340;181928.428084;1.13738723669e9;1;1;245;248;100.0;0.0;0.0;0.0;0.0;0.0;99.35;99.35;99.35;99.35;99.35
2024;CH;Branson;Rhône;stream;RhoBra;573150108300;430741.227883;3.72787505767e9;1;1;575;598;99.99;0.0;0.0;0.0;0.01;0.0;99.98;99.98;99.98;99.98;99.98
2025;CH;Brunnen;Vierwaldstättersee;lake;ViSBru;688625205370;203863.095207;1.00741475916e9;1;1;341;352;100.0;0.0;0.0;0.0;0.0;0.0;100.0;100.0;100.0;100.0;100.0
2026;CH;Chillon;Lac Léman;lake;LLeChi;560720140490;768082.250779;8.0003284954e9;1;1;524;553;84.71;0.0;0.0;0.0;0.01;15.28;90.73;90.73;90.62;99.93;100.0
2027;CH;St-Prex;Lac Léman;lake;LLeStP;524940148410;768082.250779;8.0003284954e9;1;1;528;547;84.71;0.0;0.0;0.0;0.01;15.28;90.73;90.73;90.62;99.93;100.0
2028;CH;Genève, Sécheron;Lac Léman;lake;LLeGen;500750119390;768082.250779;8.0003284954e9;1;1;616;633;84.71;0.0;0.0;0.0;0.01;15.28;90.73;90.73;90.62;99.93;100.0
2029;CH;Brügg, Aegerten;Aare;stream;AarBrA;588220219020;748797.300929;8.24863045316e9;1;1;201;284;98.61;0.0;0.0;0.0;0.0;1.39;99.92;99.92;99.92;99.86;99.92
2030;CH;Thun;Aare;stream;AarThu;613230179280;337766.560637;2.45927875211e9;1;1;238;261;100.0;0.0;0.0;0.0;0.0;0.0;99.46;99.46;99.46;99.46;99.46
2031;CH;Unterägeri;Ägerisee;lake;AeSUnt;687480221420;30998.1033695;4.81208676953e7;0;1;328;329;100.0;0.0;0.0;0.0;0.0;0.0;100.0;100.0;100.0;100.0;100.0
2032;CH;Romanshorn;Bodensee (Obersee);lake;BoSRom;746160270040;991784.043944;1.09143810609e10;1;1;141;142;49.05;27.16;21.84;1.47;0.48;0.0;100.0;56.16;55.76;99.18;100.0
2033;CH;Ilanz;Vorderrhein;stream;VorIla;734997182035;168302.425111;7.74043241786e8;1;1;386;387;100.0;0.0;0.0;0.0;0.0;0.0;99.74;99.74;99.74;99.61;99.74
2034;CH;Payerne, Caserne d'aviation;Broye;stream;BroPay;561660187320;154203.314206;4.15929221682e8;1;1;213;216;100.0;0.0;0.0;0.0;0.0;0.0;98.82;98.82;98.82;98.82;98.82
2041;CH;Oberriet, Blatten;Rhein;stream;RheObe;761215241750;573250.382033;6.14194730228e9;1;1;38;85;76.28;0.0;20.26;2.6;0.85;0.0;100.0;84.48;84.06;100.0;100.0
2043;CH;Berlingen;Bodensee (Untersee);lake;BoSBer;718570281730;1.04226788075e6;1.14845874185e10;1;1;155;156;47.48;29.92;20.75;1.39;0.45;0.0;100.0;55.17;54.71;99.23;100.0
2044;CH;Andelfingen;Thur;stream;ThuAnd;693510272500;278852.096268;1.70162712049e9;1;1;159;178;100.0;0.0;0.0;0.0;0.0;0.0;99.85;99.85;99.85;99.85;99.85
2053;CH;Martigny, Pont de Rossettan;Drance;stream;DraMar;570930105200;138730.554523;6.75651496868e8;1;1;601;604;99.97;0.0;0.0;0.0;0.02;0.01;100.0;100.0;100.0;100.0;100.0
2056;CH;Seedorf;Reuss;stream;ReuSee;690085193210;171087.984954;8.33197255214e8;1;1;342;349;100.0;0.0;0.0;0.0;0.0;0.0;100.0;100.0;100.0;100.0;100.0
2063;CH;Murgenthal;Aare;stream;AarMur;629665235150;733532.854135;1.00593551987e10;1;1;200;303;98.86;0.0;0.0;0.0;0.0;1.14;99.89;99.89;99.89;99.82;99.89
2066;CH;St. Moritz;St. Moritzersee;lake;StMSMS;784940152420;71723.1295048;1.71190290314e8;1;1;432;439;99.95;0.0;0.0;0.0;0.05;0.0;100.0;100.0;100.0;100.0;100.0
2067;CH;Martina;Inn;stream;InnMar;830640197190;293431.436471;1.93747408667e9;1;1;423;452;87.09;0.0;0.06;0.0;12.85;0.0;99.98;93.99;93.94;99.98;99.98
2068;CH;Riazzino;Ticino;stream;TicRia;713670113500;293896.44286;1.61326807009e9;1;1;501;518;99.84;0.0;0.0;0.0;0.16;0.0;100.0;100.0;100.0;100.0;100.0
2070;CH;Emmenmatt;Emme;stream;EmmEmT;623610200420;123739.674159;4.43030496687e8;1;1;288;293;100.0;0.0;0.0;0.0;0.0;0.0;98.86;98.86;98.86;98.86;98.86
2072;CH;Sils Baselgia;Silsersee;lake;SiBSil;777870145180;39471.5858051;4.57674227354e7;0;1;435;436;99.91;0.0;0.0;0.0;0.09;0.0;100.0;100.0;100.0;100.0;100.0
2073;CH;Silvaplana;Silvaplanersee;lake;SiSSil;781560148150;62931.5647806;1.37296263211e8;1;1;434;437;99.93;0.0;0.0;0.0;0.07;0.0;100.0;100.0;100.0;100.0;100.0
2074;CH;Brissago;Lago Maggiore;lake;LaMBri;698350108200;545621.619097;6.59007387961e9;1;1;519;520;50.87;0.0;0.0;0.0;49.13;0.0;62.41;62.2;61.17;98.56;98.54
2078;CH;Le Prese;Poschiavino;stream;PosLeP;803490130520;71374.4234679;1.67711697827e8;1;0;648;653;99.51;0.0;0.0;0.0;0.49;0.0;99.58;99.58;99.58;98.98;99.58
2079;CH;Le Prese;Canale industriale;stream;CinLe ;803462130547;6318.3496945;1.00272061412e6;0;1;651;652;100.0;0.0;0.0;0.0;0.0;0.0;100.0;100.0;100.0;100.0;100.0
2081;CH;Pfäffikon;Pfäffikersee;lake;PfSPfa;701460246705;33149.4227195;2.89130796512e7;0;1;372;373;100.0;0.0;0.0;0.0;0.0;0.0;100.0;100.0;100.0;100.0;100.0
2082;CH;Greifensee;Greifensee;lake;GrSGre;693380246690;69889.2800155;1.64023069586e8;1;1;182;185;100.0;0.0;0.0;0.0;0.0;0.0;100.0;100.0;100.0;100.0;100.0
2084;CH;Ingenbohl;Muota;stream;MuoIng;688262206170;121833.493878;3.1661900136e8;1;1;335;338;100.0;0.0;0.0;0.0;0.0;0.0;100.0;100.0;100.0;100.0;100.0
2085;CH;Hagneck;Aare;stream;AarHag;580680211650;498751.304197;5.11186428501e9;1;1;234;281;100.0;0.0;0.0;0.0;0.0;0.0;99.92;99.92;99.92;99.92;99.92
2086;CH;Loderio;Brenno;stream;BreLod;717770137270;112466.893877;4.002444602e8;0;1;509;510;100.0;0.0;0.0;0.0;0.0;0.0;98.94;98.94;98.94;99.19;98.94
2087;CH;Andermatt;Reuss;stream;ReuAnd;688120166320;78440.3541525;1.90181550256e8;0;1;343;344;100.0;0.0;0.0;0.0;0.0;0.0;99.38;99.38;99.38;99.38;99.38
2088;CH;Sarnen;Sarnersee;lake;SaSSar;661260193270;80456.3734631;2.68402309081e8;1;1;356;357;100.0;0.0;0.0;0.0;0.0;0.0;100.0;100.0;100.0;100.0;100.0
2091;CH;Rheinfelden, Messstation;Rhein;stream;RheRhe;627190267840;1.51799095241e6;3.44793732243e10;1;1;5;398;76.88;15.26;6.91;0.46;0.15;0.33;99.98;81.14;80.94;99.66;99.98
2093;CH;Spiez, Kraftwerk BKW;Thunersee;lake;ThSSpi;617280171750;335577.755903;2.45153640662e9;1;1;239;250;100.0;0.0;0.0;0.0;0.0;0.0;99.49;99.49;99.49;99.49;99.49
2097;CH;Meisterschwanden;Hallwilersee;lake;HaSMei;659125238615;69544.1860262;1.392252343e8;1;1;320;321;100.0;0.0;0.0;0.0;0.0;0.0;100.0;100.0;100.0;100.0;100.0
2099;CH;Zürich, Unterhard;Limmat;stream;LimZue;682055249430;310007.169162;2.17393465632e9;1;1;368;393;100.0;0.0;0.0;0.0;0.0;0.0;99.5;99.5;99.5;99.45;99.5
2101;CH;Melide, Ferrera;Lago di Lugano;lake;LdLMel;717070091650;92647.114428;2.98975118934e8;1;1;479;482;36.9;0.0;0.0;0.0;63.1;0.0;68.57;63.88;60.21;68.57;68.57
2102;CH;Sarnen;Sarner Aa;stream;SarSar;661460194220;80427.5985081;2.69294974357e8;1;1;355;358;100.0;0.0;0.0;0.0;0.0;0.0;100.0;100.0;100.0;100.0;100.0
2104;CH;Weesen, Biäsche;Linth;stream;LinWee;725160221380;189405.419622;1.06150282458e9;1;1;379;388;100.0;0.0;0.0;0.0;0.0;0.0;99.95;99.95;99.95;99.95;99.95
2105;CH;St. Moritzbad;Inn;stream;InnStM;783910150960;65973.5318553;1.55396921692e8;1;1;433;438;99.94;0.0;0.0;0.0;0.06;0.0;100.0;100.0;100.0;100.0;100.0
2106;CH;Münchenstein, Hofmatt;Birs;stream;BirMue;613570263080;192772.852128;8.87308226707e8;1;1;399;408;97.82;0.0;0.0;0.0;0.0;2.18;99.51;99.51;99.51;99.51;99.51
2109;CH;Gsteig;Lütschine;stream;LueGst;633130168200;100394.698982;3.80659945419e8;1;1;241;244;100.0;0.0;0.0;0.0;0.0;0.0;99.3;99.3;99.3;99.3;99.3
2110;CH;Mühlau, Hünenberg;Reuss;stream;ReuMue;672520230600;390346.055156;2.90227544348e9;1;1;332;365;100.0;0.0;0.0;0.0;0.0;0.0;100.0;100.0;100.0;100.0;100.0
2112;CH;Appenzell;Sitter;stream;SitApp;749040244220;43883.3310157;7.44353793683e7;0;1;174;175;100.0;0.0;0.0;0.0;0.0;0.0;100.0;100.0;100.0;100.0;100.0
2113;CH;Felsenau, K.W. Klingnau;Aare;stream;AarFel;659150271790;957884.011074;1.76870523918e10;1;1;197;396;99.35;0.0;0.0;0.0;0.0;0.65;99.92;99.92;99.92;99.87;99.92
2116;CH;Koblenz;Rhein;stream;RheKob;659790273390;1.13557935772e6;1.59058046577e10;1;1;7;196;54.2;29.48;14.99;1.01;0.33;0.0;100.0;62.03;61.6;99.38;100.0
2117;CH;Le Châble, Villette;Drance de Bagnes;stream;DraLeC;582550103270;83944.1404218;2.53721819223e8;0;1;602;603;99.98;0.0;0.0;0.0;0.02;0.0;100.0;100.0;100.0;100.0;100.0
2118;CH;Murg;Walensee;lake;WaSMur;734430219560;190583.579144;1.06079195095e9;1;1;72;73;100.0;0.0;0.0;0.0;0.0;0.0;99.83;99.83;99.83;99.83;99.83
2119;CH;Fribourg;Sarine;stream;SarFri;579420183670;220490.009291;1.27056153043e9;1;1;271;276;100.0;0.0;0.0;0.0;0.0;0.0;100.0;100.0;100.0;100.0;100.0
2122;CH;Moutier, La Charrue;Birse;stream;BirMou;595740237010;93081.421928;1.85795016778e8;0;1;405;406;100.0;0.0;0.0;0.0;0.0;0.0;100.0;100.0;100.0;100.0;100.0
2125;CH;Frauenthal;Lorze;stream;LorFra;674715229845;102259.733185;2.61723314816e8;1;1;324;331;100.0;0.0;0.0;0.0;0.0;0.0;100.0;100.0;100.0;100.0;100.0
2126;CH;Wängi;Murg;stream;MurWae;714105261720;69761.1398209;8.01453898532e7;0;1;161;162;100.0;0.0;0.0;0.0;0.0;0.0;100.0;100.0;100.0;100.0;100.0
2130;CH;Laufenburg;Rhein (Oberwasser);stream;RObLau;646000267410;1.52071996924e6;3.40103081447e10;1;1;6;397;77.27;14.76;7.01;0.47;0.15;0.34;99.99;81.4;81.2;99.66;99.99
2132;CH;Neftenbach;Töss;stream;ToeNef;691460263820;114409.791058;3.43330593225e8;0;1;179;180;100.0;0.0;0.0;0.0;0.0;0.0;99.61;99.61;99.61;99.61;99.61
2135;CH;Bern, Schönau;Aare;stream;AarBer;600710198000;377444.069664;2.94116693004e9;1;1;235;262;100.0;0.0;0.0;0.0;0.0;0.0;99.62;99.62;99.62;99.62;99.62
2137;CH;Gelfingen;Baldeggersee;lake;BaSGel;662710229100;43480.2812345;7.31973175887e7;0;1;315;316;100.0;0.0;0.0;0.0;0.0;0.0;100.0;100.0;100.0;100.0;100.0
2139;CH;St. Margrethen;Rheintaler Binnenkanal;stream;RhBStM;767194257810;89670.6992352;1.74948989071e8;0;1;144;145;100.0;0.0;0.0;0.0;0.0;0.0;98.31;98.31;98.31;98.31;98.31
2141;CH;Tiefencastel;Albula;stream;AlbTie;763420170145;124389.32568;5.29045429754e8;1;1;66;71;100.0;0.0;0.0;0.0;0.0;0.0;99.42;99.42;99.42;99.42;99.42
2143;CH;Rekingen;Rhein;stream;RheRek;667060269230;1.0538631653e6;1.47190652873e10;1;1;8;187;57.43;24.94;16.19;1.09;0.35;0.0;100.0;64.62;64.23;99.4;100.0
2150;CH;Felsenbach;Landquart;stream;LanFel;765364204910;153332.911165;6.13747516224e8;0;1;56;57;99.97;0.0;0.03;0.0;0.0;0.0;99.55;99.55;99.55;99.55;99.55
2151;CH;Oberwil;Simme;stream;SimObe;600060167090;133728.126445;3.43700375525e8;1;1;256;257;100.0;0.0;0.0;0.0;0.0;0.0;98.34;98.34;98.34;98.34;98.34
2152;CH;Luzern, Geissmattbrücke;Reuss;stream;ReuLuz;665330211800;320654.258892;2.25396562751e9;1;1;333;360;100.0;0.0;0.0;0.0;0.0;0.0;100.0;100.0;100.0;100.0;100.0
2154;CH;Grandson;Lac de Neuchâtel;lake;LdeGra;539220184155;456233.178907;2.67896908777e9;1;1;229;230;95.71;0.0;0.0;0.0;0.0;4.29;99.82;99.82;99.82;99.66;99.82
2155;CH;Wiler, Limpachmündung;Emme;stream;EmmWiT;608220223240;234306.288648;9.24074845702e8;1;1;285;296;100.0;0.0;0.0;0.0;0.0;0.0;99.45;99.45;99.45;99.45;99.45
2157;CH;Gerlafingen;Strackbach;stream;StrGer;609270223300;19041.2226882;1.26765650472e7;0;1;297;298;100.0;0.0;0.0;0.0;0.0;0.0;100.0;100.0;100.0;100.0;100.0
2159;CH;Belp, Mülimatt;Gürbe;stream;GueBel;604810192680;66495.5194467;1.16145419037e8;0;1;236;237;100.0;0.0;0.0;0.0;0.0;0.0;99.88;99.88;99.88;99.88;99.88
2160;CH;Broc, Château d'en bas;Sarine;stream;SarBro;573520161345;144069.845678;6.36248284935e8;0;1;274;275;100.0;0.0;0.0;0.0;0.0;0.0;100.0;100.0;100.0;100.0;100.0
2161;CH;Blatten bei Naters;Massa;stream;MasBla;643700137290;68652.7184041;1.95518282581e8;0;1;588;589;100.0;0.0;0.0;0.0;0.0;0.0;100.0;100.0;100.0;100.0;100.0
2167;CH;Ponte Tresa, Rocchetta;Tresa;stream;TrePon;709580092145;152031.793016;6.0909510452e8;1;1;477;490;59.66;0.0;0.0;0.0;40.34;0.0;82.91;80.61;78.15;84.39;84.39
2168;CH;Sempach;Sempachersee;lake;SeSSem;656940220640;44004.8794747;7.53850609007e7;1;1;305;306;100.0;0.0;0.0;0.0;0.0;0.0;100.0;100.0;100.0;100.0;100.0
2170;CH;Genève, Bout du Monde;Arve;stream;ArvGen;501220115120;309609.91604;1.9757781471e9;1;1;205;208;2.26;0.0;0.0;0.0;0.03;97.71;11.69;11.69;10.22;95.66;99.86
2174;CH;Chancy, Aux Ripes;Rhône;stream;RhoCha;486600112340;792412.437072;1.03127090625e10;1;1;557;642;67.37;0.0;0.0;0.0;0.01;32.62;74.83;74.83;74.44;99.09;100.0
2176;CH;Zürich, Sihlhölzli;Sihl;stream;SihZue;682145246890;141995.849963;3.42573730074e8;1;1;369;378;100.0;0.0;0.0;0.0;0.0;0.0;99.54;99.54;99.54;99.54;99.54
2179;CH;Thörishaus, Sensematt;Sense;stream;SenTho;593350193020;110000.528631;3.51174749549e8;1;1;265;270;100.0;0.0;0.0;0.0;0.0;0.0;100.0;100.0;100.0;100.0;100.0
2181;CH;Halden;Thur;stream;ThuHal;733560263180;189661.985462;1.0850084274e9;1;1;504;505;100.0;0.0;0.0;0.0;0.0;0.0;99.82;99.82;99.82;99.82;99.82
2185;CH;Chur;Plessur;stream;PleChT;757975191925;81414.3247094;2.64358645956e8;0;1;82;83;100.0;0.0;0.0;0.0;0.0;0.0;100.0;100.0;100.0;100.0;100.0
2187;CH;Salez;Werdenberger Binnenkanal;stream;WeBSal;756795234005;71451.1185299;1.82613922047e8;0;1;60;61;100.0;0.0;0.0;0.0;0.0;0.0;100.0;100.0;100.0;100.0;100.0
2199;CH;Basel;Wiese;stream;WieBas;611800269700;130671.585615;4.54378950367e8;1;1;413;418;3.03;96.97;0.0;0.0;0.0;0.0;100.0;8.58;7.7;100.0;100.0
2200;CH;Zweilütschinen;Weisse Lütschine;stream;WLuZwe;635310164550;59425.4329488;1.64924550294e8;0;1;242;243;100.0;0.0;0.0;0.0;0.0;0.0;98.23;98.23;98.23;98.23;98.23
2202;CH;Liestal;Ergolz;stream;ErgLie;622270259750;89137.6481256;2.6122316507e8;0;1;409;410;100.0;0.0;0.0;0.0;0.0;0.0;100.0;100.0;100.0;100.0;100.0
2203;CH;Aigle;Grande Eau;stream;GrEAig;563960129860;62034.1361346;1.31590389587e8;0;1;599;600;100.0;0.0;0.0;0.0;0.0;0.0;100.0;100.0;100.0;100.0;100.0
2205;CH;Untersiggenthal, Stilli;Aare;stream;AarUnt;659970263180;936319.758785;1.7553341522e10;1;1;198;395;99.35;0.0;0.0;0.0;0.0;0.65;99.9;99.9;99.9;99.84;99.9
2206;CH;Melera (Valle Morobbia);Melera;stream;MelMel;726988114670;4227.5502357;1.06652503268e6;0;1;516;517;100.0;0.0;0.0;0.0;0.0;0.0;100.0;100.0;100.0;100.0;100.0
2207;CH;Luzern;Vierwaldstättersee;lake;ViSLuz;666950211915;318178.910931;2.24267008286e9;1;1;334;359;100.0;0.0;0.0;0.0;0.0;0.0;100.0;100.0;100.0;100.0;100.0
2208;CH;Ligerz, klein Twann;Bielersee;lake;BiSLig;578320215670;751025.812374;8.23595431362e9;1;1;282;283;98.6;0.0;0.0;0.0;0.0;1.4;99.92;99.92;99.92;99.86;99.92
2209;CH;Zürich (Zürichhorn);Zürichsee;lake;ZuSZue;684000245475;300960.003955;1.82500552833e9;1;1;391;392;100.0;0.0;0.0;0.0;0.0;0.0;99.51;99.51;99.51;99.45;99.51
2210;CH;Ocourt;Doubs;stream;DouOco;572530244460;383463.067528;1.2754380064e9;1;0;522;555;30.63;0.0;0.0;0.0;0.0;69.37;55.59;55.59;53.63;100.0;100.0
2215;CH;Laupen;Saane;stream;SaaLau;584440195300;285093.906949;1.86178862473e9;1;1;264;277;100.0;0.0;0.0;0.0;0.0;0.0;100.0;100.0;100.0;100.0;100.0
2217;CH;Chancy, Vers Vaux;Rhône;stream;RhoCVV;485440110040;798095.384932;1.04182706126e10;1;0;556;643;66.78;0.0;0.0;0.0;0.01;33.21;74.6;74.6;74.19;99.1;100.0
2219;CH;Oberried / Lenk;Simme;stream;SimObL;602630141660;29633.6102425;3.47450918695e7;0;1;258;259;100.0;0.0;0.0;0.0;0.0;0.0;94.98;94.98;94.98;94.98;94.98
2232;CH;Adelboden;Allenbach;stream;AllAde;608710148300;23780.2350855;2.8789154357e7;0;1;252;253;100.0;0.0;0.0;0.0;0.0;0.0;100.0;100.0;100.0;100.0;100.0
2239;CH;Punt dal Gall;Spöl;stream;SpoPun;811020167920;104918.191794;2.94612950841e8;0;1;445;446;15.97;0.0;0.0;0.0;84.03;0.0;99.79;60.42;60.08;99.79;99.79
2243;CH;Baden, Limmatpromenade;Limmat;stream;LimBad;665640258690;362322.057495;2.39367093903e9;1;1;367;394;100.0;0.0;0.0;0.0;0.0;0.0;99.43;99.43;99.43;99.39;99.43
2244;CH;Klusmatten;Krummbach;stream;KruKlu;644500119420;22930.7996965;1.9437696998e7;0;1;462;463;100.0;0.0;0.0;0.0;0.0;0.0;92.6;92.6;92.6;92.6;92.6
2247;CH;Sortie du lac des Brenets;Douds;stream;DouSor;544560214880;249212.346554;8.67391783547e8;1;1;225;228;7.55;0.0;0.0;0.0;0.0;92.45;34.24;34.24;31.59;99.96;100.0
2251;CH;Plaffeien, Schwyberg;Rotenbach;stream;RotPla;587980170590;5477.96627514;1.68949564264e6;0;1;266;267;100.0;0.0;0.0;0.0;0.0;0.0;100.0;100.0;100.0;100.0;100.0
2252;CH;Plaffeien, Schwyberg;Schwändlibach;stream;SchPla;588340171015;4898.93909694;1.37642393079e6;0;1;268;269;100.0;0.0;0.0;0.0;0.0;0.0;100.0;100.0;100.0;100.0;100.0
2256;CH;Pontresina;Rosegbach;stream;RosPon;788810151690;40924.042862;6.65321281509e7;0;1;441;442;99.96;0.0;0.0;0.0;0.04;0.0;100.0;100.0;100.0;100.0;100.0
2262;CH;Pontresina;Berninabach;stream;BerPon;789440151320;50597.4906119;1.06917935093e8;0;1;429;430;99.95;0.0;0.0;0.0;0.05;0.0;94.69;94.69;94.69;94.69;94.69
2263;CH;La Punt-Chamues-ch;Chamuerabach;stream;ChaLaP;791430160600;39308.4976166;7.33573785911e7;0;1;427;428;99.95;0.0;0.0;0.0;0.05;0.0;100.0;100.0;100.0;100.0;100.0
2265;CH;Tarasp;Inn;stream;InnTar;816800185910;250075.575185;1.58077104203e9;1;1;424;451;84.32;0.0;0.0;0.0;15.68;0.0;99.89;92.55;92.49;99.89;99.89
2268;CH;Gletsch;Rhone (Rotten);stream;RhoGle;670810157200;34811.3601738;3.94151635917e7;0;1;582;583;100.0;0.0;0.0;0.0;0.0;0.0;98.95;98.95;98.95;98.95;98.95
2269;CH;Blatten;Lonza;stream;LonBla;629130140910;41314.0143573;7.737250604e7;0;1;595;596;100.0;0.0;0.0;0.0;0.0;0.0;100.0;100.0;100.0;100.0;100.0
2270;CH;Combe des Sarrasins;Doubs;stream;DouCom;557530227320;287000.408903;9.98522561538e8;1;1;559;614;15.93;0.0;0.0;0.0;0.0;84.07;42.86;42.86;40.56;99.95;100.0
2276;CH;Isenthal;Grosstalbach;stream;GroIse;685500196050;36017.1679662;4.38670534456e7;0;1;350;351;100.0;0.0;0.0;0.0;0.0;0.0;98.02;98.02;98.02;98.02;98.02
2282;CH;Wasen, Kurzeneialp;Sperbelgraben;stream;SpeWas;630725207270;3051.63511518;563659.901491;0;1;286;287;100.0;0.0;0.0;0.0;0.0;0.0;100.0;100.0;100.0;100.0;100.0
2283;CH;Wasen, Riedbad;Rappengraben;stream;RapWas;634340207350;2947.22372051;605368.673596;0;1;294;295;100.0;0.0;0.0;0.0;0.0;0.0;100.0;100.0;100.0;100.0;100.0
2288;CH;Neuhausen, Flurlingerbrücke;Rhein;stream;RheNeu;689145281975;1.06119075129e6;1.18822321372e10;1;1;10;157;47.78;30.37;20.06;1.35;0.44;0.0;100.0;56.17;55.69;99.25;100.0
2289;CH;Basel, Rheinhalle;Rhein;stream;RheBas;613400267650;1.50805829482e6;3.58320988139e10;1;1;4;411;77.49;14.89;6.65;0.45;0.15;0.37;99.98;81.79;81.59;99.66;99.98
2290;CH;St-Sulpice;Areuse;stream;AreStS;532980195880;76619.1766605;1.04062922877e8;0;1;548;549;93.92;0.0;0.0;0.0;0.0;6.08;99.94;99.94;99.94;99.94;99.94
2299;CH;Erstfeld, Bodenberg;Alpbach;stream;AlpErs;688560185120;20802.7058278;2.06828002934e7;0;1;347;348;100.0;0.0;0.0;0.0;0.0;0.0;100.0;100.0;100.0;100.0;100.0
2300;CH;Euthal, Rüti;Minster;stream;MinEut;704425215310;36635.8449001;5.91306648864e7;0;1;152;153;100.0;0.0;0.0;0.0;0.0;0.0;98.09;98.09;98.09;98.09;98.09
2303;CH;Jonschwil, Mühlau;Thur;stream;ThuJon;723675252720;126183.880552;4.929254135e8;1;1;165;170;100.0;0.0;0.0;0.0;0.0;0.0;99.81;99.81;99.81;99.81;99.81
2304;CH;Zernez, Punt la Drossa;Ova dal Fuorn;stream;OdFZer;810560170790;38499.4104883;5.5253279724e7;0;1;447;448;100.0;0.0;0.0;0.0;0.0;0.0;95.92;95.92;95.92;97.73;95.92
2305;CH;Herisau, Zellersmühle;Glatt;stream;GlaHer;737270251290;19630.7510924;1.67222155772e7;0;1;104;107;100.0;0.0;0.0;0.0;0.0;0.0;95.68;95.68;95.68;95.68;95.68
2307;CH;Sonceboz;Suze;stream;SuzSon;579810227350;76500.7424764;1.27245197287e8;0;1;232;233;100.0;0.0;0.0;0.0;0.0;0.0;100.0;100.0;100.0;100.0;100.0
2308;CH;Goldach, Bleiche;Goldach;stream;GolGol;753190261590;42213.9814928;5.04045697421e7;0;1;146;147;100.0;0.0;0.0;0.0;0.0;0.0;99.2;99.2;99.2;99.2;99.2
2309;CH;Horn, Farbmühle;Mühlebach;stream;MueHor;752895261830;4970.15039061;644591.542306;0;1;148;149;100.0;0.0;0.0;0.0;0.0;0.0;100.0;100.0;100.0;100.0;100.0
2312;CH;Salmsach, Hungerbühl;Aach;stream;AacSal;744410268400;44598.1862259;4.73842563798e7;0;1;173;176;100.0;0.0;0.0;0.0;0.0;0.0;94.97;94.97;94.97;94.97;94.97
2319;CH;Zernez;Ova da Cluozza;stream;OdCZer;804930174830;24376.757629;2.69457271068e7;0;1;449;450;99.96;0.0;0.0;0.0;0.04;0.0;100.0;100.0;100.0;100.0;100.0
2321;CH;Pregassona;Cassarate;stream;CasPre;718010097380;44408.1423533;7.57819932206e7;0;1;480;481;99.97;0.0;0.0;0.0;0.03;0.0;100.0;100.0;100.0;100.0;100.0
2327;CH;Davos, Kriegsmatte;Dischmabach;stream;DisDav;786220183370;32161.7720006;4.28604453506e7;0;1;68;69;100.0;0.0;0.0;0.0;0.0;0.0;100.0;100.0;100.0;100.0;100.0
2342;CH;Brig;Saltina;stream;SalBri;642220129630;43646.9194608;7.651930603e7;1;1;586;587;99.99;0.0;0.0;0.0;0.01;0.0;100.0;100.0;100.0;100.0;100.0
2343;CH;Huttwil, Häberenbad;Langeten;stream;LanHut;629560219135;41312.2948196;5.99244775875e7;0;1;300;301;100.0;0.0;0.0;0.0;0.0;0.0;100.0;100.0;100.0;100.0;100.0
2346;CH;Brig;Rhone (Rotten);stream;RhoBri;641340129700;186537.766419;9.06074693111e8;1;1;577;590;99.99;0.0;0.0;0.0;0.01;0.0;100.0;100.0;100.0;100.0;100.0
2347;CH;Roveredo, Bacino di compenso;Riale di Roggiasca;stream;RdRRov;733545118160;11123.7086794;8.1238148291e6;0;1;11;150;99.9;0.0;0.0;0.0;0.1;0.0;86.17;86.17;86.17;86.17;86.17
2349;CH;Chiasso, Ponte di Polenta;Breggia;stream;BreChi;722315078320;38396.815585;4.71004842317e7;0;0;644;645;67.76;0.0;0.0;0.0;32.24;0.0;99.79;99.79;97.66;99.79;99.79
2351;CH;Visp;Vispa;stream;VisVis;634030125900;152425.920234;7.85837684522e8;0;1;591;592;99.97;0.0;0.0;0.0;0.03;0.0;100.0;100.0;100.0;100.0;100.0
2352;CH;Linthal, Ausgleichsbecken KLL;Linth;stream;LinLin;718285197310;54400.7539019;1.46876654698e8;0;1;381;382;100.0;0.0;0.0;0.0;0.0;0.0;98.72;98.72;98.72;98.72;98.72
2355;CH;Davos, Frauenkirch;Landwasser;stream;LanDav;779640181200;70741.7775846;1.83677707917e8;1;1;67;70;100.0;0.0;0.0;0.0;0.0;0.0;99.09;99.09;99.09;99.09;99.09
2356;CH;Cavergno, Pontit;Riale di Calneggia;stream;RdCCav;684970135960;21132.4618678;2.39169290901e7;0;1;493;494;99.96;0.0;0.0;0.0;0.04;0.0;100.0;100.0;100.0;100.0;100.0
2364;CH;Piotta;Ticino;stream;TicPio;694610152450;84166.0909573;1.58891321084e8;0;1;512;513;99.97;0.0;0.0;0.0;0.03;0.0;100.0;100.0;100.0;100.0;100.0
2366;CH;La Rösa;Poschiavino;stream;PosLaR;802120142010;19049.0484957;1.40903757322e7;0;1;649;650;99.96;0.0;0.0;0.0;0.04;0.0;99.36;99.36;99.36;99.36;99.36
2368;CH;Locarno, Solduno;Maggia;stream;MagLoc;703100113860;169668.393418;9.28838503583e8;1;1;183;184;81.12;0.0;0.0;0.0;18.88;0.0;89.36;89.36;88.93;99.48;99.48
2369;CH;Yvonand, La Mauguettaz;Mentue;stream;MenYvo;545440180875;67059.5094821;1.05298277225e8;0;1;612;613;100.0;0.0;0.0;0.0;0.0;0.0;100.0;100.0;100.0;100.0;100.0
2370;CH;Le Noirmont, La Goule;Doubs;stream;DouLeN;561430231050;306447.724289;1.04674867865e9;1;1;219;222;18.68;0.0;0.0;0.0;0.0;81.32;45.57;45.57;43.37;100.0;100.0
2371;CH;Le Chenit, Frontière;Orbe;stream;OrbLeC;501445156305;36117.6749689;4.58461877614e7;1;1;530;531;46.27;0.0;0.0;0.0;0.0;53.73;98.15;98.15;98.15;98.15;98.15
2372;CH;Mollis, Linthbrücke;Linth;stream;LinMol;723985217965;145961.524235;6.00210828069e8;1;1;380;383;100.0;0.0;0.0;0.0;0.0;0.0;99.96;99.96;99.96;99.96;99.96
2374;CH;Mogelsberg, Aachsäge;Necker;stream;NecMog;727110247290;52350.67336;8.80967538832e7;0;1;166;167;100.0;0.0;0.0;0.0;0.0;0.0;96.48;96.48;96.48;96.48;96.48
2378;CH;Orbe, Le Chalet;Orbe;stream;OrbOrb;530080175560;150238.134849;3.42793551873e8;1;1;226;227;74.26;0.0;0.0;0.0;0.0;25.74;100.0;100.0;100.0;100.0;100.0
2386;CH;Frauenfeld;Murg;stream;MurFra;709540269660;93126.1895368;2.13294904447e8;1;1;160;163;100.0;0.0;0.0;0.0;0.0;0.0;100.0;100.0;100.0;100.0;100.0
2387;CH;Fürstenau;Hinterrhein;stream;HinFue;753570175730;284716.928429;1.57686252928e9;1;1;63;74;96.69;0.0;0.0;0.0;3.31;0.0;100.0;99.82;99.56;100.0;100.0
2392;CH;Rheinau;Rhein (Oberwasser);stream;RObRhe;687420277140;1.07753143932e6;1.19025294227e10;1;1;9;158;47.85;30.34;20.03;1.34;0.44;0.0;100.0;56.22;55.74;99.23;100.0
2403;CH;Cinuos-Chel;Inn;stream;InnCin;797700168170;155044.174307;7.3347262213e8;1;1;425;444;99.97;0.0;0.0;0.0;0.03;0.0;99.8;99.8;99.8;99.8;99.8
2409;CH;Eggiwil, Heidbüel;Emme;stream;EmmEgg;627910191180;69177.5818256;1.24360744931e8;0;1;289;290;100.0;0.0;0.0;0.0;0.0;0.0;100.0;100.0;100.0;100.0;100.0
2410;CH;Ruggell;Liechtensteiner Binnenkanal;stream;LiBRug;757750234590;71640.9646546;1.14463506018e8;0;1;58;59;11.83;0.0;5.67;82.5;0.0;0.0;97.85;97.85;97.85;98.72;97.85
2412;CH;Vuippens, Château;Sionge;stream;SioVui;572420167540;39187.1268392;4.33975405913e7;0;1;272;273;100.0;0.0;0.0;0.0;0.0;0.0;100.0;100.0;100.0;100.0;100.0
2414;CH;Mosnang, Rietholz;Rietholzbach;stream;RieMos;718840248440;7841.85878482;3.18713192287e6;0;1;168;169;100.0;0.0;0.0;0.0;0.0;0.0;94.13;94.13;94.13;94.13;94.13
2415;CH;Rheinsfelden;Glatt;stream;GlaRhe;678040269720;149998.679316;4.17384213493e8;1;1;181;186;100.0;0.0;0.0;0.0;0.0;0.0;100.0;100.0;100.0;100.0;100.0
2416;CH;Hitzkirch, Richensee;Aabach;stream;AabHit;661390230220;43483.5783637;7.33036545239e7;1;1;314;317;100.0;0.0;0.0;0.0;0.0;0.0;100.0;100.0;100.0;100.0;100.0
2417;CH;Oberkirch;Suhre;stream;SuhObe;651320223140;43557.29354;7.56422832751e7;1;1;304;309;100.0;0.0;0.0;0.0;0.0;0.0;100.0;100.0;100.0;100.0;100.0
2418;CH;Tiefencastel;Julia;stream;JulTie;763570169910;91278.6018725;3.24686551661e8;0;1;64;65;100.0;0.0;0.0;0.0;0.0;0.0;100.0;100.0;100.0;100.0;100.0
2419;CH;Reckingen;Rhone (Rotten);stream;RhoRec;661910146780;87778.141812;2.14254112955e8;1;1;578;585;99.99;0.0;0.0;0.0;0.01;0.0;99.42;99.42;99.42;99.42;99.42
2420;CH;Lumino, Sassello;Moesa;stream;MoeLum;724765120360;115497.869375;4.71867908559e8;1;1;503;508;99.45;0.0;0.0;0.0;0.55;0.0;100.0;100.0;100.0;100.0;100.0
2426;CH;Mels;Seez;stream;SeeMel;750410212510;54296.5218786;1.06069529454e8;0;1;384;385;100.0;0.0;0.0;0.0;0.0;0.0;98.99;98.99;98.99;98.99;98.99
2430;CH;Somvitg, Encardens;Rein da Sumvitg;stream;RdSSum;718810167690;25628.4729052;2.17567704974e7;0;1;76;77;100.0;0.0;0.0;0.0;0.0;0.0;87.33;87.33;87.33;87.33;87.33
2432;CH;Ecublens, Les Bois;Venoge;stream;VenEcu;532040154160;94117.4850174;2.27612560323e8;0;1;564;565;100.0;0.0;0.0;0.0;0.0;0.0;98.85;98.85;98.85;98.85;98.85
2433;CH;Allaman, Le Coulet;Aubonne;stream;AubAll;520720147410;61435.8419883;1.05328348229e8;0;1;570;571;100.0;0.0;0.0;0.0;0.0;0.0;99.69;99.69;99.69;99.69;99.69
2434;CH;Olten, Hammermühle;Dünnern;stream;DueOlt;634330244480;100819.943834;2.33788178103e8;0;1;318;319;100.0;0.0;0.0;0.0;0.0;0.0;97.95;97.95;97.95;97.95;97.95
2436;CH;Alpnach, Chilch-Erli;Chli Schliere;stream;ChSAlp;663800199570;25698.2303795;2.16015995746e7;0;1;339;340;100.0;0.0;0.0;0.0;0.0;0.0;100.0;100.0;100.0;100.0;100.0
2437;CH;Ecublens, Eschiens;Parimbot;stream;ParEcu;552060161650;16669.136495;6.92283704801e6;0;1;526;551;100.0;0.0;0.0;0.0;0.0;0.0;100.0;100.0;100.0;100.0;100.0
2446;CH;Gampelen, Zihlbrücke;Zihlkanal;stream;ZihGam;569250207860;448886.076914;2.69548514633e9;1;1;202;231;95.74;0.0;0.0;0.0;0.0;4.26;99.8;99.8;99.8;99.65;99.8
2447;CH;Sugiez;Canal de la Broye;stream;CdlBro;575340201450;217606.507194;7.13351487626e8;1;1;217;224;100.0;0.0;0.0;0.0;0.0;0.0;99.81;99.81;99.81;99.81;99.81
2450;CH;Zofingen;Wigger;stream;WigZof;637580237080;129602.524602;3.66196088325e8;1;1;310;313;100.0;0.0;0.0;0.0;0.0;0.0;100.0;100.0;100.0;100.0;100.0
2457;CH;Ringgenberg, Goldswil;Aare;stream;AarRin;633730171510;181363.663564;1.13755705159e9;1;1;240;249;100.0;0.0;0.0;0.0;0.0;0.0;99.34;99.34;99.34;99.34;99.34
2458;CH;Valangin;Seyon;stream;SeyVal;559370206810;55190.0856017;1.12314247781e8;0;1;559;614;100.0;0.0;0.0;0.0;0.0;0.0;98.83;98.83;98.83;98.83;98.83
2461;CH;Magliaso, Ponte;Magliasina;stream;MagMag;711620093290;31177.3650604;3.43812026624e7;0;1;487;488;100.0;0.0;0.0;0.0;0.0;0.0;100.0;100.0;100.0;100.0;100.0
2462;CH;S-chanf;Inn;stream;InnSCh;795800165910;130531.340839;6.15950719329e8;1;1;426;443;99.97;0.0;0.0;0.0;0.03;0.0;100.0;100.0;100.0;100.0;100.0
2463;CH;Bioggio, Campagna;Vecchio Vedeggio;stream;VVeBio;714340096590;9498.7525519;5.42718680406e6;0;1;484;485;100.0;0.0;0.0;0.0;0.0;0.0;100.0;100.0;100.0;100.0;100.0
2467;CH;Gümmenen;Saane;stream;SaaGue;585100199240;292611.324525;1.88125977994e9;1;1;263;278;100.0;0.0;0.0;0.0;0.0;0.0;100.0;100.0;100.0;100.0;100.0
2468;CH;St. Gallen, Bruggen / Au;Sitter;stream;SitStG;742540253230;85730.2411552;2.61065329849e8;1;1;105;106;100.0;0.0;0.0;0.0;0.0;0.0;100.0;100.0;100.0;100.0;100.0
2469;CH;Hondrich;Kander;stream;KanHon;617790168400;105030.620138;4.90673361611e8;1;1;251;254;100.0;0.0;0.0;0.0;0.0;0.0;100.0;100.0;100.0;100.0;100.0
2471;CH;Murgenthal, Walliswil;Murg;stream;MurMur;629340233555;94296.6096072;1.83362700051e8;1;1;299;302;100.0;0.0;0.0;0.0;0.0;0.0;99.8;99.8;99.8;99.8;99.8
2473;CH;Diepoldsau, Rietbrücke;Rhein;stream;RheDie;766280250360;579044.62681;6.29739867239e9;1;1;35;90;74.43;0.0;22.2;2.54;0.83;0.0;100.0;82.67;82.18;100.0;100.0
2474;CH;Buseno;Calancasca;stream;CalBus;729440127180;64430.2537224;1.20532825807e8;0;1;506;507;100.0;0.0;0.0;0.0;0.0;0.0;99.56;99.56;99.56;99.56;99.56
2475;CH;Bignasco, Ponte nuovo;Maggia;stream;MagBig;690040132550;80353.1724286;3.1552098673e8;1;1;492;495;99.99;0.0;0.0;0.0;0.01;0.0;99.2;99.2;99.2;99.2;99.2
2477;CH;Zug, Letzi;Lorze;stream;LorZug;680600226070;70385.1644544;1.00246609535e8;1;1;327;330;100.0;0.0;0.0;0.0;0.0;0.0;100.0;100.0;100.0;100.0;100.0
2478;CH;Soyhières, Bois du Treuil;Birse;stream;BirSoy;596780249070;152065.680562;5.69486772996e8;1;1;400;407;100.0;0.0;0.0;0.0;0.0;0.0;99.04;99.04;99.04;98.86;99.04
2480;CH;Boudry;Areuse;stream;AreBou;554350199940;151244.982878;3.77675056086e8;1;1;627;628;92.92;0.0;0.0;0.0;0.0;7.08;99.82;99.82;99.82;99.82;99.82
2481;CH;Buochs, Flugplatz;Engelberger Aa;stream;EnABuo;673555202870;79261.1147301;2.27996938038e8;0;1;353;354;100.0;0.0;0.0;0.0;0.0;0.0;100.0;100.0;100.0;100.0;100.0
2484;CH;Lauerz, Chlostermatt;Lauerzersee;lake;LaSLau;688020209530;43408.0564081;7.23867163026e7;0;1;336;337;100.0;0.0;0.0;0.0;0.0;0.0;100.0;100.0;100.0;100.0;100.0
2485;CH;Boncourt, Frontière;Allaine;stream;AllBon;567830261200;96493.601725;2.12017269429e8;0;0;654;655;95.7;0.0;0.0;0.0;0.0;4.3;99.05;99.05;99.05;99.05;99.05
2486;CH;Vevey, Copet;Veveyse;stream;VevVev;554675146565;47796.6411418;6.44505324357e7;0;1;525;552;100.0;0.0;0.0;0.0;0.0;0.0;97.75;97.75;97.75;97.75;97.75
2487;CH;Werthenstein, Chappelboden;Kleine Emme;stream;KlEWer;647870209510;104965.69867;3.11474725525e8;0;1;362;363;100.0;0.0;0.0;0.0;0.0;0.0;99.85;99.85;99.85;100.0;99.85
2488;CH;Latterbach;Simme;stream;SimLaT;610680167840;148514.454531;5.6320828109e8;1;1;255;260;100.0;0.0;0.0;0.0;0.0;0.0;98.19;98.19;98.19;98.19;98.19
2490;CH;Dardagny, Les Granges;Allondon;stream;AllDar;488880119460;54456.8364247;1.19388380173e8;1;1;634;639;3.05;0.0;0.0;0.0;0.0;96.95;38.53;38.53;36.85;99.68;99.68
2491;CH;Bürglen, Galgenwäldli;Schächen;stream;SchBue;692480191800;54407.6780504;1.07899966385e8;0;1;345;346;100.0;0.0;0.0;0.0;0.0;0.0;100.0;100.0;100.0;100.0;100.0
2493;CH;Gland, Route Suisse;Promenthouse;stream;ProGla;510080140080;64964.7796021;1.19773318499e8;0;1;536;541;100.0;0.0;0.0;0.0;0.0;0.0;100.0;100.0;100.0;100.0;100.0
2494;CH;Pollegio, Campagna;Ticino;stream;TicPol;716120135330;155165.412672;4.43765544177e8;1;1;511;514;99.99;0.0;0.0;0.0;0.01;0.0;100.0;100.0;100.0;100.0;100.0
2497;CH;Nebikon;Luthern;stream;LutNeb;640560226740;81258.2984995;1.0468200499e8;0;1;311;312;100.0;0.0;0.0;0.0;0.0;0.0;98.39;98.39;98.39;98.39;98.39
2498;CH;Castrisch;Glenner;stream;GleCas;735329181796;98676.0350225;3.8088406933e8;0;1;75;78;100.0;0.0;0.0;0.0;0.0;0.0;100.0;100.0;100.0;100.0;100.0
2500;CH;Ittigen;Worble;stream;WorItt;603005202455;50097.1283336;6.70560503728e7;0;1;279;280;100.0;0.0;0.0;0.0;0.0;0.0;99.92;99.92;99.92;99.92;99.92
2602;CH;Domat/Ems;Rhein;stream;RheDom;753890189370;406720.175933;3.22858627621e9;1;1;62;81;98.38;0.0;0.0;0.0;1.62;0.0;100.0;99.89;99.76;100.0;100.0
2603;CH;Langnau;Ilfis;stream;IlfLan;627320198600;74523.1318949;1.87448990429e8;0;1;291;292;100.0;0.0;0.0;0.0;0.0;0.0;96.56;96.56;96.56;96.56;96.56
2604;CH;Biberbrugg;Biber;stream;BibBib;697240223280;28377.7684751;3.19141117917e7;0;1;370;371;100.0;0.0;0.0;0.0;0.0;0.0;87.74;87.74;87.74;87.74;87.74
2605;CH;Lavertezzo, Campiöi;Verzasca;stream;VerLav;708420122920;69745.217161;1.85124793541e8;1;1;497;500;100.0;0.0;0.0;0.0;0.0;0.0;99.39;99.39;99.39;99.39;99.39
2606;CH;Genève, Halle de l'ìle;Rhône;stream;RhoGen;499890117850;768637.795898;8.00206976921e9;1;1;558;615;84.71;0.0;0.0;0.0;0.01;15.28;90.73;90.73;90.61;99.92;100.0
2607;CH;Oberwald;Goneri;stream;GonObe;670467153932;27584.3471991;3.85927204242e7;1;1;580;581;100.0;0.0;0.0;0.0;0.0;0.0;99.66;99.66;99.66;99.66;99.66
2608;CH;Neuenkirch;Sellenbodenbach;stream;SelNeu;658530218290;16187.9367179;1.03986421406e7;0;1;307;308;100.0;0.0;0.0;0.0;0.0;0.0;100.0;100.0;100.0;100.0;100.0
2609;CH;Einsiedeln;Alp;stream;AlpEin;698640223020;41888.9541966;4.67150792624e7;0;1;519;520;100.0;0.0;0.0;0.0;0.0;0.0;100.0;100.0;100.0;100.0;100.0
2610;CH;Vicques;Scheulte;stream;SchVic;599485244150;42965.7217294;7.26958395764e7;0;1;403;404;100.0;0.0;0.0;0.0;0.0;0.0;97.67;97.67;97.67;97.67;97.67
2612;CH;Lavertezzo;Riale di Pincascia;stream;RdPLav;708060123950;32088.0576727;4.44936629325e7;0;1;498;499;100.0;0.0;0.0;0.0;0.0;0.0;100.0;100.0;100.0;100.0;100.0
2613;CH;Weil, Palmrainbrücke (D);Rhein;stream;RheWei;611740272310;1.50815165879e6;3.64044163023e10;1;0;2;419;76.56;15.87;6.55;0.44;0.14;0.44;99.98;80.94;80.74;99.68;99.98
2615;CH;Basel, Klingenthalfähre;Rhein;stream;RheBKl;611140267900;1.50754863026e6;3.59260020009e10;1;1;3;412;77.49;14.85;6.63;0.45;0.15;0.43;99.98;81.84;81.64;99.66;99.98
2617;CH;Müstair;Rom;stream;RomMue;830800168700;58967.6552985;1.28585121712e8;0;0;646;647;99.87;0.0;0.0;0.0;0.13;0.0;100.0;100.0;100.0;100.0;100.0
2620;CH;Soglio;Mera;stream;MerSog;760770133450;59656.8408586;1.77368867272e8;0;0;656;657;99.94;0.0;0.0;0.0;0.06;0.0;99.23;99.23;99.23;99.23;99.23
2623;CH;Oberwald;Rhone;stream;RhoObe;669900154075;57228.1996965;9.33179005661e7;1;1;579;584;100.0;0.0;0.0;0.0;0.0;0.0;98.46;98.46;98.46;98.46;98.46
2629;CH;Agno;Vedeggio;stream;VedAgn;714110095680;66862.2323556;9.98830316076e7;0;1;483;486;100.0;0.0;0.0;0.0;0.0;0.0;100.0;100.0;100.0;100.0;100.0
2630;CH;Sion;Sionne;stream;SioSio;594400119900;32247.1380385;2.76216176499e7;1;1;593;594;100.0;0.0;0.0;0.0;0.0;0.0;100.0;100.0;100.0;100.0;100.0
2631;CH;Hinterrhein;Hinterrhein, Schissplatz;stream;HinHin;733706153945;35676.3827495;4.15238137349e7;0;1;164;177;100.0;0.0;0.0;0.0;0.0;0.0;98.74;98.74;98.74;98.74;98.74
2634;CH;Emmen;Kleine Emme;stream;KlEEmm;663700213630;142185.158427;4.78277164685e8;1;1;361;364;100.0;0.0;0.0;0.0;0.0;0.0;100.0;100.0;100.0;100.0;100.0
2635;CH;Einsiedeln, Gross;Grossbach;stream;GroEin;700710218125;13804.039981;8.94508976581e6;0;1;374;375;100.0;0.0;0.0;0.0;0.0;0.0;100.0;100.0;100.0;100.0;100.0
2640;CH;Delémont, Pré-Guillaume;Sorne;stream;SorDel;593380245940;82838.882339;2.1392586312e8;0;1;401;402;100.0;0.0;0.0;0.0;0.0;0.0;96.76;96.76;96.76;96.76;96.76
2642;CH;Neuchâtel, Nid-du-Crô;Lac de Neuchâtel;lake;LdeNeu;562913205165;456233.178907;2.67896908777e9;1;1;213;216;95.71;0.0;0.0;0.0;0.0;4.29;99.82;99.82;99.82;99.66;99.82
2644;CH;Celerina;Inn;stream;InnCel;786049154253;72577.1017839;1.76192025758e8;1;1;431;440;99.95;0.0;0.0;0.0;0.05;0.0;100.0;100.0;100.0;100.0;100.0
3001;A;Bangs;Rhein;stream;RheBan;758505237839;499252.858412;4.65268961537e9;1;1;55;84;96.65;0.0;0.14;2.09;1.12;0.0;100.0;99.92;99.84;100.0;100.0
3002;A;Meiningen (Guefel);Ehbach;stream;EhbMei;761862241627;34573.820517;3.90832124119e7;1;1;86;89;0.0;0.0;100.0;0.0;0.0;0.0;100.0;25.59;15.35;100.0;100.0
3003;A;Gisingen;Ill;stream;IllGis;761970236592;246987.868952;1.27928942687e9;1;1;39;54;0.04;0.0;95.92;4.04;0.0;0.0;100.0;25.56;23.84;100.0;100.0
3004;A;Brederis;Ehbach;stream;EhbBre;762960239064;27395.6565161;2.51732474807e7;0;1;87;88;0.0;0.0;100.0;0.0;0.0;0.0;99.31;7.42;1.69;99.31;99.31
3005;A;Amerluegen;Samina;stream;SamAme;764826230699;44276.9495972;6.87183346606e7;0;1;40;41;0.05;0.0;28.61;71.34;0.0;0.0;100.0;100.0;100.0;100.0;100.0
3006;A;Lustenau (Hoechster Bruecke);Rhein;stream;RheLus;767612257874;595745.525838;6.299423354e9;1;1;34;91;74.43;0.0;22.2;2.54;0.83;0.0;100.0;82.69;82.2;100.0;100.0
3007;A;Lauterach;Dornbirnerach;stream;DorLau;769017259147;78007.3671989;1.95831298243e8;1;1;126;133;0.0;0.0;100.0;0.0;0.0;0.0;99.06;21.45;16.85;99.06;99.06
3008;A;Hohenems;Emsbach;stream;EmsHoh;769100249106;16614.0448932;8.2006227186e6;0;1;135;136;0.0;0.0;100.0;0.0;0.0;0.0;97.55;24.39;7.15;97.55;97.55
3009;A;Beschling;Ill;stream;IllBes;769630229979;233382.852671;1.13439814136e9;1;1;42;53;0.04;0.0;99.72;0.24;0.0;0.0;100.0;21.07;19.75;100.0;100.0
3010;A;Lustenau (Hofsteig);Rheintalbinnenkanal;stream;RbkLus;770292256198;45298.8940832;7.75426044911e7;1;1;134;137;0.0;0.0;100.0;0.0;0.0;0.0;94.14;52.87;42.56;94.14;94.14
3011;A;Hoher Steg;Dornbirnerach;stream;DorHoh;770558257676;62162.4463984;1.13074743119e8;1;1;127;132;0.0;0.0;100.0;0.0;0.0;0.0;100.0;0.0;0.0;100.0;100.0
3012;A;Unterhochsteg (Summenpegel);Leiblach mit Werkskanal;stream;LeiUnt;772968267685;62732.1538226;1.05384557408e8;0;1;124;125;0.0;74.07;25.93;0.0;0.0;0.0;100.0;0.0;0.0;100.0;100.0
3013;A;Laterns;Frutz;stream;FruLat;773328236532;26139.9507144;3.30597167619e7;0;1;36;37;0.0;0.0;100.0;0.0;0.0;0.0;100.0;0.0;0.0;100.0;100.0
3014;A;Lochau;Ruggbach;stream;RugLoc;773575267444;13885.3398259;7.2116392613e6;0;1;138;139;0.0;0.0;100.0;0.0;0.0;0.0;83.2;0.0;0.0;83.2;83.2
3015;A;Schwarzach;Schwarzach;stream;SchScw;774883257621;23885.1312108;1.76068653251e7;0;1;128;129;0.0;0.0;100.0;0.0;0.0;0.0;100.0;0.0;0.0;100.0;100.0
3016;A;Enz;Dornbirnerach;stream;DorEnz;775345252188;36244.6720243;5.32983512962e7;0;1;130;131;0.0;0.0;100.0;0.0;0.0;0.0;100.0;0.0;0.0;100.0;100.0
3017;A;Kennelbach;Bregenzerach;stream;BreKen;776102261003;191130.925337;8.2346157009e8;1;1;12;33;0.0;26.09;73.91;0.0;0.0;0.0;99.94;0.0;0.0;99.94;99.94
3018;A;Buers (Bruecke L82);Alvier;stream;AlvBue;779268224901;46692.6706296;7.25609642202e7;0;1;45;46;0.07;0.0;99.93;0.0;0.0;0.0;100.0;41.34;41.34;100.0;100.0
3019;A;Loruens-Aeule;Ill;stream;IllLor;782652222860;132705.181173;5.35989489211e8;1;1;47;50;0.06;0.0;99.94;0.0;0.0;0.0;100.0;30.97;28.92;100.0;100.0
3020;A;Thal (Martinsbrücke);Rotach;stream;RotTha;783405267018;51069.3189411;8.31785350311e7;0;1;21;22;0.0;78.81;21.19;0.0;0.0;0.0;98.58;0.0;0.0;98.58;98.58
3021;A;Mellau;Bregenzerach;stream;BreMel;784510247740;82843.9661932;2.27476956502e8;1;1;25;30;0.0;0.0;100.0;0.0;0.0;0.0;100.0;0.0;0.0;100.0;100.0
3022;A;Garsella;Lutz;stream;LutGar;784554233509;46355.249251;9.54262092816e7;0;1;43;44;0.0;0.0;100.0;0.0;0.0;0.0;99.55;0.0;0.0;99.55;99.55
3023;A;Reuthe;Bizauerbach;stream;BizReu;785465249411;22726.6855369;1.42973875299e7;0;1;31;32;0.0;0.0;100.0;0.0;0.0;0.0;100.0;0.0;0.0;100.0;100.0
3024;A;Krumbach-Zwing;Weissach;stream;WeiKru;786782264220;87876.8801125;2.00311800952e8;1;1;13;20;0.0;62.52;37.48;0.0;0.0;0.0;99.84;0.0;0.0;99.84;99.84
3025;A;Schruns (Vonbunweg);Litz;stream;LitSch;787930217330;53765.8783389;1.01864498868e8;0;1;48;49;0.0;0.0;100.0;0.0;0.0;0.0;99.15;0.0;0.0;99.15;99.15
3026;A;Hittisau (VKW);Bolgenach;stream;BolHit;790369259948;46508.1301616;8.0902625817e7;1;1;16;19;0.0;54.34;45.66;0.0;0.0;0.0;98.88;0.0;0.0;98.88;98.88
3027;A;Au;Bregenzerach;stream;BreAu;791574244958;70373.6831077;1.47223222566e8;1;1;26;29;0.0;0.0;100.0;0.0;0.0;0.0;100.0;0.0;0.0;100.0;100.0
3028;A;Kaelberweide;Leckenbach;stream;LecKae;794634260963;18958.5800134;1.47414073635e7;0;1;17;18;0.0;65.1;34.9;0.0;0.0;0.0;100.0;0.0;0.0;100.0;100.0
3029;A;Schoenenbach (Hengstig);Subersach;stream;SubSch;796455251598;27438.864519;3.04813685391e7;0;1;23;24;0.0;8.02;91.98;0.0;0.0;0.0;91.86;0.0;0.0;91.86;91.86
3030;A;Hopfreben;Bregenzerach;stream;BreHop;797333240452;31867.6211102;4.07281867027e7;0;1;27;28;0.0;0.0;100.0;0.0;0.0;0.0;100.0;0.0;0.0;100.0;100.0
3031;A;Kloesterle (OEBB);Alfenz;stream;AlfKlo;798898222956;43517.2375421;6.57159429022e7;0;1;51;52;0.0;0.0;100.0;0.0;0.0;0.0;98.91;0.0;0.0;98.91;98.91
3032;A;Schalklhof;Schalklbach;stream;SchScl;832172202849;47151.9604263;1.08014530223e8;0;1;421;422;75.93;0.0;24.07;0.0;0.0;0.0;99.99;99.99;99.99;99.99;99.99
3033;A;Kajetansbruecke;Inn;stream;InnKat;833770204533;328171.020573;2.15195906779e9;1;0;420;453;83.08;0.0;4.78;0.0;12.14;0.0;100.0;92.47;91.78;100.0;100.0
4001;DE;Tegernau;Kleine Wiese;stream;KlWTeg;626716285346;40489.9203855;6.99723932113e7;0;1;414;415;0.0;100.0;0.0;0.0;0.0;0.0;100.0;0.0;0.0;100.0;100.0
4002;DE;Zell;Wiese;stream;WieZel;630536283286;71005.2858599;2.06744649036e8;0;1;416;417;0.0;100.0;0.0;0.0;0.0;0.0;99.16;0.0;0.0;99.16;99.16
4003;DE;Hoelzlebruck;Josbach;stream;JosHoe;656284308578;31126.9869234;4.726451421e7;0;1;190;191;0.0;100.0;0.0;0.0;0.0;0.0;93.09;0.0;0.0;78.28;93.09
4004;DE;Oberlauchringen;Wutach;stream;WutObe;666672275112;182312.6942;6.30000281947e8;1;1;188;193;7.47;92.53;0.0;0.0;0.0;0.0;100.0;23.02;21.59;98.89;100.0
4005;DE;Illmuehle;Steina;stream;SteIll;667878289182;39778.3205415;5.03677345889e7;0;1;194;195;0.0;100.0;0.0;0.0;0.0;0.0;95.3;0.0;0.0;95.3;95.3
4006;DE;Ewattingen;Wutach;stream;WutEwa;675721300247;112806.738779;3.42109706177e8;1;1;189;192;0.0;100.0;0.0;0.0;0.0;0.0;99.09;0.0;0.0;97.04;99.09
4007;DE;Hausen;Saubach;stream;SauHau;703881293301;78650.3580533;1.43933604454e8;0;1;491;496;0.0;100.0;0.0;0.0;0.0;0.0;100.0;0.0;0.0;100.0;100.0
4008;DE;Rielasingen;Radolfzeller Aach;stream;RaARie;705034288406;95362.0705048;2.07148779691e8;1;1;376;377;0.0;100.0;0.0;0.0;0.0;0.0;100.0;0.37;0.24;100.0;100.0
4009;DE;Wahlwies;Stockacher Aach;stream;StAWah;714371297227;87401.595138;2.14242354447e8;0;1;98;99;0.0;100.0;0.0;0.0;0.0;0.0;98.95;0.0;0.0;98.95;98.95
4010;DE;Konstanz;Rhein;stream;RheKon;730246281133;991784.043944;1.09143810609e10;1;1;11;150;49.05;27.16;21.84;1.47;0.48;0.0;100.0;56.16;55.76;99.18;100.0
4011;DE;Uhldingen;Seefelder Aach;stream;SeAUhl;735389288185;92992.6117696;2.71350866364e8;1;1;79;80;0.0;100.0;0.0;0.0;0.0;0.0;100.0;0.0;0.0;100.0;100.0
4012;DE;Neufrach;Deggenhauser Aach;stream;DeANeu;740197290947;50631.650466;7.4704887411e7;0;1;171;172;0.0;100.0;0.0;0.0;0.0;0.0;100.0;0.0;0.0;100.0;100.0
4013;DE;Fuchstobel;Rotach;stream;RotFuc;751182291494;46778.1965433;6.72278334491e7;0;1;101;102;0.0;100.0;0.0;0.0;0.0;0.0;100.0;0.0;0.0;100.0;100.0
4014;DE;Friedrichshafen;Rotach;stream;RotFri;754561280746;73080.2427879;1.30323141157e8;1;1;100;103;0.0;100.0;0.0;0.0;0.0;0.0;98.22;0.0;0.0;98.22;98.22
4015;DE;Gerbertshaus;Schussen;stream;SchGer;757417282317;220033.145409;7.87323276112e8;1;1;92;97;0.0;100.0;0.0;0.0;0.0;0.0;99.45;0.0;0.0;89.04;99.45
4016;DE;Giessen;Argen;stream;ArgGie;762148277486;219608.661971;6.47884604867e8;1;1;108;121;0.0;100.0;0.0;0.0;0.0;0.0;99.86;0.0;0.0;99.86;99.86
4017;DE;Rainpadent;Wolfegger Aach;stream;WoARai;764716299791;106058.114806;1.64059212337e8;0;1;95;96;0.0;100.0;0.0;0.0;0.0;0.0;98.74;0.0;0.0;98.74;98.74
4018;DE;Durlesbach;Schussen;stream;SchDur;767294308232;125901.845962;2.7388898859e8;0;1;93;94;0.0;100.0;0.0;0.0;0.0;0.0;100.0;0.0;0.0;70.1;100.0
4019;DE;Aeschach;Oberreitnauer Ach;stream;ObAAes;770127269841;35187.9849904;2.97782897722e7;0;1;122;123;0.0;100.0;0.0;0.0;0.0;0.0;97.39;0.0;0.0;97.39;97.39
4020;DE;Rengers;Untere Argen;stream;UnARen;778611286497;131093.513673;2.65300853576e8;1;1;109;114;0.0;100.0;0.0;0.0;0.0;0.0;97.62;0.0;0.0;97.62;97.62
4021;DE;Epplings;Obere Argen;stream;ObAEpp;782003283522;84026.9735538;1.65648420641e8;1;1;115;120;0.0;100.0;0.0;0.0;0.0;0.0;100.0;0.0;0.0;100.0;100.0
4022;DE;Lochhammer;Giessbach;stream;GieLoc;784788284414;25653.7934881;2.9814068685e7;0;1;116;117;0.0;100.0;0.0;0.0;0.0;0.0;100.0;0.0;0.0;100.0;100.0
4023;DE;Zwirkenberg;Obere Argen;stream;ObAZwi;790192280672;56436.2006061;1.03344159127e8;0;1;118;119;0.0;100.0;0.0;0.0;0.0;0.0;100.0;0.0;0.0;100.0;100.0
4024;DE;Oberstaufen;Weissach;stream;WeiObe;793982268955;46945.195091;6.05571155301e7;0;1;14;15;0.0;96.9;3.1;0.0;0.0;0.0;100.0;0.0;0.0;100.0;100.0
4025;DE;Beutelsau;Untere Argen;stream;UnABeu;796065288215;68396.6023781;1.3174729825e8;1;1;110;113;0.0;100.0;0.0;0.0;0.0;0.0;99.43;0.0;0.0;99.43;99.43
4026;DE;Seltmans;Untere Argen;stream;UnASel;798807280563;42195.3826317;6.77508278312e7;0;1;111;112;0.0;100.0;0.0;0.0;0.0;0.0;100.0;0.0;0.0;100.0;100.0
5001;FR;Saint-Genis-Pouilly;L'Allondon;stream;AllSGe;490131121868;31069.9594418;3.89440208312e7;1;1;635;638;0.0;0.0;0.0;0.0;0.0;100.0;17.98;17.98;17.98;92.44;92.44
5002;FR;Échenevex [Naz-Dessous];L'Allondon;stream;AllEch;491361128442;11358.262328;2.23349618772e6;0;1;636;637;0.0;0.0;0.0;0.0;0.0;100.0;0.0;0.0;0.0;89.55;89.55
5003;FR;Saint-Julien-en-Genevois [Thairy];L'Aire;stream;AirSJu;493958110794;31976.3434469;4.66197044382e7;0;1;640;641;1.76;0.0;0.0;0.0;0.0;98.24;38.61;38.61;38.61;98.67;98.67
5004;FR;Rousses;L'Orbe;stream;OrbRou;497829152612;26375.4957439;2.51505792838e7;0;1;206;207;40.15;0.0;0.0;0.0;0.0;59.85;95.42;95.42;95.42;95.42;95.42
5005;FR;Bonnevaux;Le Drugeon;stream;DruBon;504859184983;43371.9381907;3.8622668259e7;0;1;537;538;0.0;0.0;0.0;0.0;0.0;100.0;0.0;0.0;0.0;100.0;100.0
5006;FR;Mouthe;Le Doubs;stream;DouMou;505964173371;12630.4437735;2.81870000197e6;0;1;542;543;0.0;0.0;0.0;0.0;0.0;100.0;100.0;100.0;25.42;100.0;100.0
5007;FR;Remoray-Boujeons;Le Ruisseau de la Drésine;stream;RdDRem;508961179290;22331.2018459;1.48649336187e7;0;1;617;618;0.0;0.0;0.0;0.0;0.0;100.0;0.0;0.0;0.0;100.0;100.0
5008;FR;Vétraz-Monthoux;La Menoge;stream;MenVet;509972113806;82227.2093895;1.59932979667e8;0;1;610;611;0.0;0.0;0.0;0.0;0.0;100.0;6.25;6.25;3.75;100.0;100.0
5009;FR;Labergement-Sainte-Marie;Le Doubs;stream;DouLab;511505180814;100976.625689;1.73959531418e8;1;1;539;540;0.27;0.0;0.0;0.0;0.0;99.73;42.54;42.54;39.66;99.45;99.45
5010;FR;Longevilles-Mont-d'Or;Le Bief Rouge;stream;BieLon;514365179183;31004.0863747;2.84931563289e7;0;1;204;209;0.0;0.0;0.0;0.0;0.0;100.0;31.59;31.59;28.08;100.0;100.0
5011;FR;Vuillecin;Le Drugeon;stream;DruVui;515226198854;86869.5444475;1.81709843641e8;1;1;535;544;0.0;0.0;0.0;0.0;0.0;100.0;0.0;0.0;0.0;100.0;100.0
5012;FR;Oye-et-Pallet;Le Doubs;stream;DouOye;515781189193;112333.873165;2.50347195617e8;1;1;533;546;0.19;0.0;0.0;0.0;0.0;99.81;29.56;29.56;27.56;98.66;98.66
5013;FR;Doubs;Le Doubs;stream;DouDou;516941197988;156919.26738;3.89664155916e8;1;1;534;545;5.69;0.0;0.0;0.0;0.0;94.31;38.49;38.49;33.88;98.8;98.8
5014;FR;la Cluse-et-Mijoux [Pontarlier amont];Le Doubs;stream;DouClu;518076192662;139497.762087;3.4742741201e8;1;1;562;563;4.96;0.0;0.0;0.0;0.0;95.04;35.4;35.4;33.1;98.44;98.44
5015;FR;Sciez;Le Foron;stream;ForSci;518579131551;38782.5573694;4.98161828023e7;0;1;210;211;0.0;0.0;0.0;0.0;0.0;100.0;1.34;1.34;0.22;98.36;98.36
5016;FR;Jougne [La Ferrière 2];La Jougnena;stream;JouJou;519220176193;34859.9851915;3.05367945087e7;0;1;623;624;15.8;0.0;0.0;0.0;0.0;84.2;100.0;100.0;100.0;100.0;100.0
5017;FR;Saint-Jean-de-Sixt;Le Borne;stream;BorSJS;520649087502;38317.3621356;6.57684642727e7;0;1;606;607;0.0;0.0;0.0;0.0;0.0;100.0;0.0;0.0;0.0;27.37;100.0
5018;FR;Margencel;Le Redon;stream;RedMar;521260132505;33675.7590842;3.14582209808e7;0;1;631;632;0.0;0.0;0.0;0.0;0.0;100.0;0.0;0.0;0.0;100.0;100.0
5019;FR;Bonneville [Thuet];Le Bronze;stream;BroBon;523975101961;28591.0683095;2.76934140328e7;0;1;620;621;0.0;0.0;0.0;0.0;0.0;100.0;0.0;0.0;0.0;100.0;100.0
5020;FR;Saint-Jeoire [Pont du Risse];Le Risse;stream;RisSJe;525581109908;46001.8598263;6.46665162023e7;0;1;619;622;0.0;0.0;0.0;0.0;0.0;100.0;0.0;0.0;0.0;97.42;97.42
5021;FR;Ville-du-Pont;Le Doubs;stream;DouVil;526829205992;179176.22636;6.36753021517e8;1;1;203;212;3.48;0.0;0.0;0.0;0.0;96.52;27.01;27.01;23.4;99.41;99.41
5022;FR;Marignier [Plan Séraphin];Le Giffre [giffre];stream;GifMar;527235107858;132474.260724;4.3763714312e8;1;1;608;609;0.06;0.0;0.0;0.0;0.0;99.94;12.57;12.57;9.37;99.63;99.63
5023;FR;Reyvroz [Bioge];La Dranse;stream;DraRey;534356130883;116807.171846;5.02247811193e8;1;1;625;630;0.71;0.0;0.0;0.0;0.0;99.29;25.48;25.48;24.49;100.0;100.0
5024;FR;Grand'Combe-Châteleu [Châteleu];Le Théverot;stream;TheGra;534368209212;30310.7497423;2.60626148808e7;0;1;566;567;6.0;0.0;0.0;0.0;0.0;94.0;80.58;80.58;80.58;88.25;88.25
5025;FR;Magland [Chez Party];L'Arve [le Nant d'Orlier];stream;ArvMag;536420098025;167705.612043;7.10977997187e8;1;1;626;629;0.02;0.0;0.0;0.0;0.08;99.9;7.88;7.88;7.46;98.6;100.0
5026;FR;la Baume [Pt de Couvaloup];La Dranse de Morzine;stream;DrMBau;536923124073;65565.8496759;1.71595332132e8;0;1;568;569;0.32;0.0;0.0;0.0;0.0;99.68;21.56;21.56;20.4;99.65;99.65
5027;FR;Sallanches;L'Arve;stream;ArvSal;538209087967;143383.63667;5.67322132085e8;1;1;560;561;0.03;0.0;0.0;0.0;0.1;99.87;9.87;9.87;9.34;100.0;100.0
5028;FR;Saint-Paul-en-Chablais;L'Ugine;stream;UgiSPa;538665133884;26747.0658411;2.49632274423e7;0;1;527;550;0.0;0.0;0.0;0.0;0.0;100.0;16.02;16.02;16.02;96.14;96.14
5029;FR;Vacheresse;La Dranse d'Abondance;stream;DrAVac;540596130874;63701.1796867;1.68575227781e8;0;1;220;221;1.77;0.0;0.0;0.0;0.0;98.23;51.61;51.61;49.83;100.0;100.0
5030;FR;Fournet-Blancheroche [La Rasse];Le Doubs;stream;DouFou;554877222803;271410.062511;9.18821283547e8;1;1;574;605;9.73;0.0;0.0;0.0;0.0;90.27;37.88;37.88;35.37;99.91;100.0
5031;FR;Chamonix-Mont-Blanc [Pont des Favrands];L'Arve;stream;ArvCha;555048085084;72471.4932476;1.94850109188e8;0;1;214;215;0.08;0.0;0.0;0.0;0.25;99.67;28.74;28.74;27.2;99.56;99.56
5032;FR;Goumois;Le Doubs;stream;DouGou;563061235752;335748.401071;1.14841783106e9;1;1;523;554;25.11;0.0;0.0;0.0;0.0;74.89;50.68;50.68;48.68;100.0;100.0
6001;I;Macugnaga;Torrente Anza;stream;AnzMac;639979091039;27813.8734087;3.9470618685e7;0;1;474;475;1.59;0.0;0.0;0.0;98.41;0.0;78.54;78.54;73.47;100.0;100.0
6002;I;San Carlo;Torrente Anza;stream;AnzSaC;653736092944;59704.0363719;1.58375435777e8;1;1;473;476;0.45;0.0;0.0;0.0;99.55;0.0;36.62;36.62;35.36;100.0;100.0
6003;I;Villadossola;Torrente Ovesca;stream;OveVil;663354102130;57199.4825247;1.46050589875e8;0;1;471;472;0.11;0.0;0.0;0.0;99.89;0.0;31.5;31.5;29.44;97.91;97.91
6004;I;Ponte Caddo;Torrente Bogna;stream;BogPoC;664574108152;43266.873121;8.12917826775e7;0;1;460;461;0.09;0.0;0.0;0.0;99.91;0.0;40.6;40.6;39.36;100.0;100.0
6005;I;Domodossola;Fiume Toce;stream;TocDom;667079107158;184524.086574;9.18233128224e8;1;1;457;464;18.83;0.0;0.0;0.0;81.17;0.0;50.2;50.2;47.48;100.0;100.0
6006;I;Pontemaglio;Fiume Toce;stream;TocPon;668352114756;100412.861662;3.60137173151e8;0;1;458;459;0.2;0.0;0.0;0.0;99.8;0.0;47.48;47.48;42.21;99.96;99.96
6007;I;Candoglia;Fiume Toce;stream;TocCan;676202091943;251268.459082;1.53137303712e9;1;1;455;456;11.35;0.0;0.0;0.0;88.65;0.0;36.9;36.9;34.94;100.0;100.0
6008;I;Gravellona;Torrente Strona;stream;StrGra;677233086632;79059.6630037;2.2966859516e8;0;1;469;470;0.0;0.0;0.0;0.0;100.0;0.0;0.0;0.0;0.0;99.27;99.27
6009;I;Santino;Torrente San Bernardino;stream;SaBSan;684260090031;56953.4686925;1.2159572485e8;0;1;465;466;0.0;0.0;0.0;0.0;100.0;0.0;0.0;0.0;0.0;98.69;98.69
6010;I;Verbania;Torrente San Giovanni;stream;SaGVer;688426088391;38691.9941638;6.01526181775e7;0;1;467;468;0.0;0.0;0.0;0.0;100.0;0.0;0.0;0.0;0.0;99.75;99.75
6011;I;Miorina;Ticino;stream;TicMio;694281061276;554467.244572;6.6173023606e9;1;0;454;521;50.66;0.0;0.0;0.0;49.34;0.0;62.16;61.94;60.92;98.58;98.56
